0.999998 0.00174498 -0.000895149 -6.79164e-006
-0.00174426 0.999998 0.000797849 0.00082227
0.000896555 -0.000796269 0.999999 -8.69697e-006
0 0 0 1